  // ============ v54：设计模式重制（玩家导出 2026-08-10T13:53:28.172Z；零差异校验 .check/diff-verify.mts）============
  applyDesignPatch(m, rng, {
    // tiles 开合（63 格；2=墙 1=地板）
    tiles: [[8,6,2],[71,7,1],[71,8,1],[71,9,1],[19,11,2],[34,11,1],[42,11,1],[57,11,1],[19,12,2],[34,12,1],[42,12,1],[57,12,1],[19,13,2],[34,13,1],[42,13,1],[57,13,1],[49,15,1],[50,15,1],[51,15,1],[52,15,1],[53,15,1],[49,16,1],[50,16,1],[51,16,1],[52,16,1],[53,16,1],[25,18,1],[26,18,1],[27,18,1],[28,18,1],[65,19,1],[66,19,1],[67,19,1],[65,20,1],[66,20,1],[67,20,1],[37,21,1],[38,21,1],[37,22,1],[38,22,1],[37,23,1],[38,23,1],[37,24,1],[38,24,1],[12,31,1],[13,31,1],[12,32,1],[13,32,1],[12,34,1],[13,34,1],[49,42,1],[50,42,1],[51,42,1],[52,42,1],[53,42,1],[29,43,1],[31,43,1],[29,44,1],[31,44,1],[71,46,1],[71,47,1],[71,48,1],[8,49,2]],
    // 结构删除 ×4
    structDel: [
      'dtable@18,40,1x1',
      'dtable@23,40,1x1',
      'planter@46,40,1x1',
      'bench@15,40,1x1',
    ],
    // 结构新增 ×4（deg 落地为 data.deg；其余 data 原样透传）
    structAdd: [
      {"kind":"dtable","x":21,"y":40,"w":1,"h":1,"solid":true},
      {"kind":"dtable","x":26,"y":40,"w":1,"h":1,"solid":true},
      {"kind":"planter","x":43,"y":40,"w":1,"h":1,"solid":true},
      {"kind":"bench","x":16,"y":40,"w":1,"h":1,"solid":true},
    ],
    randSlots: [[34.5,28.5,0],[39.5,38.5,0],[18.5,28.5,0],[41.5,33.5,0],[19.5,38.5,0]], // 随机居民槽（含新增；按 npcDefs 顺序）
  })
